{
 "cells": [
  {
   "cell_type": "code",
   "execution_count": 1,
   "metadata": {},
   "outputs": [],
   "source": [
    "#モジュールの読み込み\n",
    "import pandas as pd\n",
    "import numpy as np\n",
    "import sklearn\n",
    "from sklearn.datasets import load_boston\n",
    "import matplotlib.pyplot as plt\n",
    "import seaborn as sns\n",
    "from sklearn.linear_model import LinearRegression\n",
    "from sklearn.model_selection import train_test_split"
   ]
  },
  {
   "cell_type": "code",
   "execution_count": 29,
   "metadata": {},
   "outputs": [],
   "source": [
    "data = load_boston()"
   ]
  },
  {
   "cell_type": "code",
   "execution_count": 30,
   "metadata": {},
   "outputs": [
    {
     "data": {
      "text/plain": [
       "{'data': array([[6.3200e-03, 1.8000e+01, 2.3100e+00, ..., 1.5300e+01, 3.9690e+02,\n",
       "         4.9800e+00],\n",
       "        [2.7310e-02, 0.0000e+00, 7.0700e+00, ..., 1.7800e+01, 3.9690e+02,\n",
       "         9.1400e+00],\n",
       "        [2.7290e-02, 0.0000e+00, 7.0700e+00, ..., 1.7800e+01, 3.9283e+02,\n",
       "         4.0300e+00],\n",
       "        ...,\n",
       "        [6.0760e-02, 0.0000e+00, 1.1930e+01, ..., 2.1000e+01, 3.9690e+02,\n",
       "         5.6400e+00],\n",
       "        [1.0959e-01, 0.0000e+00, 1.1930e+01, ..., 2.1000e+01, 3.9345e+02,\n",
       "         6.4800e+00],\n",
       "        [4.7410e-02, 0.0000e+00, 1.1930e+01, ..., 2.1000e+01, 3.9690e+02,\n",
       "         7.8800e+00]]),\n",
       " 'target': array([24. , 21.6, 34.7, 33.4, 36.2, 28.7, 22.9, 27.1, 16.5, 18.9, 15. ,\n",
       "        18.9, 21.7, 20.4, 18.2, 19.9, 23.1, 17.5, 20.2, 18.2, 13.6, 19.6,\n",
       "        15.2, 14.5, 15.6, 13.9, 16.6, 14.8, 18.4, 21. , 12.7, 14.5, 13.2,\n",
       "        13.1, 13.5, 18.9, 20. , 21. , 24.7, 30.8, 34.9, 26.6, 25.3, 24.7,\n",
       "        21.2, 19.3, 20. , 16.6, 14.4, 19.4, 19.7, 20.5, 25. , 23.4, 18.9,\n",
       "        35.4, 24.7, 31.6, 23.3, 19.6, 18.7, 16. , 22.2, 25. , 33. , 23.5,\n",
       "        19.4, 22. , 17.4, 20.9, 24.2, 21.7, 22.8, 23.4, 24.1, 21.4, 20. ,\n",
       "        20.8, 21.2, 20.3, 28. , 23.9, 24.8, 22.9, 23.9, 26.6, 22.5, 22.2,\n",
       "        23.6, 28.7, 22.6, 22. , 22.9, 25. , 20.6, 28.4, 21.4, 38.7, 43.8,\n",
       "        33.2, 27.5, 26.5, 18.6, 19.3, 20.1, 19.5, 19.5, 20.4, 19.8, 19.4,\n",
       "        21.7, 22.8, 18.8, 18.7, 18.5, 18.3, 21.2, 19.2, 20.4, 19.3, 22. ,\n",
       "        20.3, 20.5, 17.3, 18.8, 21.4, 15.7, 16.2, 18. , 14.3, 19.2, 19.6,\n",
       "        23. , 18.4, 15.6, 18.1, 17.4, 17.1, 13.3, 17.8, 14. , 14.4, 13.4,\n",
       "        15.6, 11.8, 13.8, 15.6, 14.6, 17.8, 15.4, 21.5, 19.6, 15.3, 19.4,\n",
       "        17. , 15.6, 13.1, 41.3, 24.3, 23.3, 27. , 50. , 50. , 50. , 22.7,\n",
       "        25. , 50. , 23.8, 23.8, 22.3, 17.4, 19.1, 23.1, 23.6, 22.6, 29.4,\n",
       "        23.2, 24.6, 29.9, 37.2, 39.8, 36.2, 37.9, 32.5, 26.4, 29.6, 50. ,\n",
       "        32. , 29.8, 34.9, 37. , 30.5, 36.4, 31.1, 29.1, 50. , 33.3, 30.3,\n",
       "        34.6, 34.9, 32.9, 24.1, 42.3, 48.5, 50. , 22.6, 24.4, 22.5, 24.4,\n",
       "        20. , 21.7, 19.3, 22.4, 28.1, 23.7, 25. , 23.3, 28.7, 21.5, 23. ,\n",
       "        26.7, 21.7, 27.5, 30.1, 44.8, 50. , 37.6, 31.6, 46.7, 31.5, 24.3,\n",
       "        31.7, 41.7, 48.3, 29. , 24. , 25.1, 31.5, 23.7, 23.3, 22. , 20.1,\n",
       "        22.2, 23.7, 17.6, 18.5, 24.3, 20.5, 24.5, 26.2, 24.4, 24.8, 29.6,\n",
       "        42.8, 21.9, 20.9, 44. , 50. , 36. , 30.1, 33.8, 43.1, 48.8, 31. ,\n",
       "        36.5, 22.8, 30.7, 50. , 43.5, 20.7, 21.1, 25.2, 24.4, 35.2, 32.4,\n",
       "        32. , 33.2, 33.1, 29.1, 35.1, 45.4, 35.4, 46. , 50. , 32.2, 22. ,\n",
       "        20.1, 23.2, 22.3, 24.8, 28.5, 37.3, 27.9, 23.9, 21.7, 28.6, 27.1,\n",
       "        20.3, 22.5, 29. , 24.8, 22. , 26.4, 33.1, 36.1, 28.4, 33.4, 28.2,\n",
       "        22.8, 20.3, 16.1, 22.1, 19.4, 21.6, 23.8, 16.2, 17.8, 19.8, 23.1,\n",
       "        21. , 23.8, 23.1, 20.4, 18.5, 25. , 24.6, 23. , 22.2, 19.3, 22.6,\n",
       "        19.8, 17.1, 19.4, 22.2, 20.7, 21.1, 19.5, 18.5, 20.6, 19. , 18.7,\n",
       "        32.7, 16.5, 23.9, 31.2, 17.5, 17.2, 23.1, 24.5, 26.6, 22.9, 24.1,\n",
       "        18.6, 30.1, 18.2, 20.6, 17.8, 21.7, 22.7, 22.6, 25. , 19.9, 20.8,\n",
       "        16.8, 21.9, 27.5, 21.9, 23.1, 50. , 50. , 50. , 50. , 50. , 13.8,\n",
       "        13.8, 15. , 13.9, 13.3, 13.1, 10.2, 10.4, 10.9, 11.3, 12.3,  8.8,\n",
       "         7.2, 10.5,  7.4, 10.2, 11.5, 15.1, 23.2,  9.7, 13.8, 12.7, 13.1,\n",
       "        12.5,  8.5,  5. ,  6.3,  5.6,  7.2, 12.1,  8.3,  8.5,  5. , 11.9,\n",
       "        27.9, 17.2, 27.5, 15. , 17.2, 17.9, 16.3,  7. ,  7.2,  7.5, 10.4,\n",
       "         8.8,  8.4, 16.7, 14.2, 20.8, 13.4, 11.7,  8.3, 10.2, 10.9, 11. ,\n",
       "         9.5, 14.5, 14.1, 16.1, 14.3, 11.7, 13.4,  9.6,  8.7,  8.4, 12.8,\n",
       "        10.5, 17.1, 18.4, 15.4, 10.8, 11.8, 14.9, 12.6, 14.1, 13. , 13.4,\n",
       "        15.2, 16.1, 17.8, 14.9, 14.1, 12.7, 13.5, 14.9, 20. , 16.4, 17.7,\n",
       "        19.5, 20.2, 21.4, 19.9, 19. , 19.1, 19.1, 20.1, 19.9, 19.6, 23.2,\n",
       "        29.8, 13.8, 13.3, 16.7, 12. , 14.6, 21.4, 23. , 23.7, 25. , 21.8,\n",
       "        20.6, 21.2, 19.1, 20.6, 15.2,  7. ,  8.1, 13.6, 20.1, 21.8, 24.5,\n",
       "        23.1, 19.7, 18.3, 21.2, 17.5, 16.8, 22.4, 20.6, 23.9, 22. , 11.9]),\n",
       " 'feature_names': array(['CRIM', 'ZN', 'INDUS', 'CHAS', 'NOX', 'RM', 'AGE', 'DIS', 'RAD',\n",
       "        'TAX', 'PTRATIO', 'B', 'LSTAT'], dtype='<U7'),\n",
       " 'DESCR': \".. _boston_dataset:\\n\\nBoston house prices dataset\\n---------------------------\\n\\n**Data Set Characteristics:**  \\n\\n    :Number of Instances: 506 \\n\\n    :Number of Attributes: 13 numeric/categorical predictive. Median Value (attribute 14) is usually the target.\\n\\n    :Attribute Information (in order):\\n        - CRIM     per capita crime rate by town\\n        - ZN       proportion of residential land zoned for lots over 25,000 sq.ft.\\n        - INDUS    proportion of non-retail business acres per town\\n        - CHAS     Charles River dummy variable (= 1 if tract bounds river; 0 otherwise)\\n        - NOX      nitric oxides concentration (parts per 10 million)\\n        - RM       average number of rooms per dwelling\\n        - AGE      proportion of owner-occupied units built prior to 1940\\n        - DIS      weighted distances to five Boston employment centres\\n        - RAD      index of accessibility to radial highways\\n        - TAX      full-value property-tax rate per $10,000\\n        - PTRATIO  pupil-teacher ratio by town\\n        - B        1000(Bk - 0.63)^2 where Bk is the proportion of blacks by town\\n        - LSTAT    % lower status of the population\\n        - MEDV     Median value of owner-occupied homes in $1000's\\n\\n    :Missing Attribute Values: None\\n\\n    :Creator: Harrison, D. and Rubinfeld, D.L.\\n\\nThis is a copy of UCI ML housing dataset.\\nhttps://archive.ics.uci.edu/ml/machine-learning-databases/housing/\\n\\n\\nThis dataset was taken from the StatLib library which is maintained at Carnegie Mellon University.\\n\\nThe Boston house-price data of Harrison, D. and Rubinfeld, D.L. 'Hedonic\\nprices and the demand for clean air', J. Environ. Economics & Management,\\nvol.5, 81-102, 1978.   Used in Belsley, Kuh & Welsch, 'Regression diagnostics\\n...', Wiley, 1980.   N.B. Various transformations are used in the table on\\npages 244-261 of the latter.\\n\\nThe Boston house-price data has been used in many machine learning papers that address regression\\nproblems.   \\n     \\n.. topic:: References\\n\\n   - Belsley, Kuh & Welsch, 'Regression diagnostics: Identifying Influential Data and Sources of Collinearity', Wiley, 1980. 244-261.\\n   - Quinlan,R. (1993). Combining Instance-Based and Model-Based Learning. In Proceedings on the Tenth International Conference of Machine Learning, 236-243, University of Massachusetts, Amherst. Morgan Kaufmann.\\n\",\n",
       " 'filename': '/opt/anaconda3/lib/python3.8/site-packages/sklearn/datasets/data/boston_house_prices.csv'}"
      ]
     },
     "execution_count": 30,
     "metadata": {},
     "output_type": "execute_result"
    }
   ],
   "source": [
    "data"
   ]
  },
  {
   "cell_type": "code",
   "execution_count": 31,
   "metadata": {},
   "outputs": [],
   "source": [
    "#pandasのDataFrame型へ\n",
    "df = pd.DataFrame(data.data, columns=data.feature_names)"
   ]
  },
  {
   "cell_type": "code",
   "execution_count": 32,
   "metadata": {},
   "outputs": [],
   "source": [
    "df[\"y\"] = data.target"
   ]
  },
  {
   "cell_type": "markdown",
   "metadata": {},
   "source": [
    "今回は擬似的にマルチコを起こしたいため相関係数が高いカラムを作成"
   ]
  },
  {
   "cell_type": "code",
   "execution_count": 33,
   "metadata": {},
   "outputs": [
    {
     "data": {
      "text/plain": [
       "506"
      ]
     },
     "execution_count": 33,
     "metadata": {},
     "output_type": "execute_result"
    }
   ],
   "source": [
    "size = df.shape[0]\n",
    "size"
   ]
  },
  {
   "cell_type": "code",
   "execution_count": 34,
   "metadata": {},
   "outputs": [],
   "source": [
    "#targetに近いデータを作成\n",
    "noize = np.random.uniform(-3,3,size) #-3~3の一様分布作成"
   ]
  },
  {
   "cell_type": "code",
   "execution_count": 35,
   "metadata": {},
   "outputs": [],
   "source": [
    "#noizeとtargetでカラムを作成\n",
    "df[\"target_lag1\"] = data.target + noize"
   ]
  },
  {
   "cell_type": "code",
   "execution_count": 36,
   "metadata": {},
   "outputs": [],
   "source": [
    "#上記処理を後2回繰り返す\n",
    "noize2 = np.random.uniform(-4,4,size) #-4~4の一様分布作成\n",
    "df[\"target_lag2\"] = data.target + noize2\n",
    "\n",
    "noize3 = np.random.uniform(-5,5,size) #-5~5の一様分布作成\n",
    "df[\"target_lag3\"] = data.target + noize3"
   ]
  },
  {
   "cell_type": "code",
   "execution_count": 37,
   "metadata": {},
   "outputs": [
    {
     "data": {
      "text/html": [
       "<div>\n",
       "<style scoped>\n",
       "    .dataframe tbody tr th:only-of-type {\n",
       "        vertical-align: middle;\n",
       "    }\n",
       "\n",
       "    .dataframe tbody tr th {\n",
       "        vertical-align: top;\n",
       "    }\n",
       "\n",
       "    .dataframe thead th {\n",
       "        text-align: right;\n",
       "    }\n",
       "</style>\n",
       "<table border=\"1\" class=\"dataframe\">\n",
       "  <thead>\n",
       "    <tr style=\"text-align: right;\">\n",
       "      <th></th>\n",
       "      <th>CRIM</th>\n",
       "      <th>ZN</th>\n",
       "      <th>INDUS</th>\n",
       "      <th>CHAS</th>\n",
       "      <th>NOX</th>\n",
       "      <th>RM</th>\n",
       "      <th>AGE</th>\n",
       "      <th>DIS</th>\n",
       "      <th>RAD</th>\n",
       "      <th>TAX</th>\n",
       "      <th>PTRATIO</th>\n",
       "      <th>B</th>\n",
       "      <th>LSTAT</th>\n",
       "      <th>y</th>\n",
       "      <th>target_lag1</th>\n",
       "      <th>target_lag2</th>\n",
       "      <th>target_lag3</th>\n",
       "    </tr>\n",
       "  </thead>\n",
       "  <tbody>\n",
       "    <tr>\n",
       "      <th>CRIM</th>\n",
       "      <td>1.000000</td>\n",
       "      <td>-0.200469</td>\n",
       "      <td>0.406583</td>\n",
       "      <td>-0.055892</td>\n",
       "      <td>0.420972</td>\n",
       "      <td>-0.219247</td>\n",
       "      <td>0.352734</td>\n",
       "      <td>-0.379670</td>\n",
       "      <td>0.625505</td>\n",
       "      <td>0.582764</td>\n",
       "      <td>0.289946</td>\n",
       "      <td>-0.385064</td>\n",
       "      <td>0.455621</td>\n",
       "      <td>-0.388305</td>\n",
       "      <td>-0.372758</td>\n",
       "      <td>-0.395047</td>\n",
       "      <td>-0.365691</td>\n",
       "    </tr>\n",
       "    <tr>\n",
       "      <th>ZN</th>\n",
       "      <td>-0.200469</td>\n",
       "      <td>1.000000</td>\n",
       "      <td>-0.533828</td>\n",
       "      <td>-0.042697</td>\n",
       "      <td>-0.516604</td>\n",
       "      <td>0.311991</td>\n",
       "      <td>-0.569537</td>\n",
       "      <td>0.664408</td>\n",
       "      <td>-0.311948</td>\n",
       "      <td>-0.314563</td>\n",
       "      <td>-0.391679</td>\n",
       "      <td>0.175520</td>\n",
       "      <td>-0.412995</td>\n",
       "      <td>0.360445</td>\n",
       "      <td>0.359596</td>\n",
       "      <td>0.358440</td>\n",
       "      <td>0.323081</td>\n",
       "    </tr>\n",
       "    <tr>\n",
       "      <th>INDUS</th>\n",
       "      <td>0.406583</td>\n",
       "      <td>-0.533828</td>\n",
       "      <td>1.000000</td>\n",
       "      <td>0.062938</td>\n",
       "      <td>0.763651</td>\n",
       "      <td>-0.391676</td>\n",
       "      <td>0.644779</td>\n",
       "      <td>-0.708027</td>\n",
       "      <td>0.595129</td>\n",
       "      <td>0.720760</td>\n",
       "      <td>0.383248</td>\n",
       "      <td>-0.356977</td>\n",
       "      <td>0.603800</td>\n",
       "      <td>-0.483725</td>\n",
       "      <td>-0.487209</td>\n",
       "      <td>-0.469602</td>\n",
       "      <td>-0.446172</td>\n",
       "    </tr>\n",
       "    <tr>\n",
       "      <th>CHAS</th>\n",
       "      <td>-0.055892</td>\n",
       "      <td>-0.042697</td>\n",
       "      <td>0.062938</td>\n",
       "      <td>1.000000</td>\n",
       "      <td>0.091203</td>\n",
       "      <td>0.091251</td>\n",
       "      <td>0.086518</td>\n",
       "      <td>-0.099176</td>\n",
       "      <td>-0.007368</td>\n",
       "      <td>-0.035587</td>\n",
       "      <td>-0.121515</td>\n",
       "      <td>0.048788</td>\n",
       "      <td>-0.053929</td>\n",
       "      <td>0.175260</td>\n",
       "      <td>0.171963</td>\n",
       "      <td>0.156774</td>\n",
       "      <td>0.202720</td>\n",
       "    </tr>\n",
       "    <tr>\n",
       "      <th>NOX</th>\n",
       "      <td>0.420972</td>\n",
       "      <td>-0.516604</td>\n",
       "      <td>0.763651</td>\n",
       "      <td>0.091203</td>\n",
       "      <td>1.000000</td>\n",
       "      <td>-0.302188</td>\n",
       "      <td>0.731470</td>\n",
       "      <td>-0.769230</td>\n",
       "      <td>0.611441</td>\n",
       "      <td>0.668023</td>\n",
       "      <td>0.188933</td>\n",
       "      <td>-0.380051</td>\n",
       "      <td>0.590879</td>\n",
       "      <td>-0.427321</td>\n",
       "      <td>-0.435867</td>\n",
       "      <td>-0.415021</td>\n",
       "      <td>-0.407288</td>\n",
       "    </tr>\n",
       "    <tr>\n",
       "      <th>RM</th>\n",
       "      <td>-0.219247</td>\n",
       "      <td>0.311991</td>\n",
       "      <td>-0.391676</td>\n",
       "      <td>0.091251</td>\n",
       "      <td>-0.302188</td>\n",
       "      <td>1.000000</td>\n",
       "      <td>-0.240265</td>\n",
       "      <td>0.205246</td>\n",
       "      <td>-0.209847</td>\n",
       "      <td>-0.292048</td>\n",
       "      <td>-0.355501</td>\n",
       "      <td>0.128069</td>\n",
       "      <td>-0.613808</td>\n",
       "      <td>0.695360</td>\n",
       "      <td>0.684050</td>\n",
       "      <td>0.675469</td>\n",
       "      <td>0.655130</td>\n",
       "    </tr>\n",
       "    <tr>\n",
       "      <th>AGE</th>\n",
       "      <td>0.352734</td>\n",
       "      <td>-0.569537</td>\n",
       "      <td>0.644779</td>\n",
       "      <td>0.086518</td>\n",
       "      <td>0.731470</td>\n",
       "      <td>-0.240265</td>\n",
       "      <td>1.000000</td>\n",
       "      <td>-0.747881</td>\n",
       "      <td>0.456022</td>\n",
       "      <td>0.506456</td>\n",
       "      <td>0.261515</td>\n",
       "      <td>-0.273534</td>\n",
       "      <td>0.602339</td>\n",
       "      <td>-0.376955</td>\n",
       "      <td>-0.384271</td>\n",
       "      <td>-0.383848</td>\n",
       "      <td>-0.364445</td>\n",
       "    </tr>\n",
       "    <tr>\n",
       "      <th>DIS</th>\n",
       "      <td>-0.379670</td>\n",
       "      <td>0.664408</td>\n",
       "      <td>-0.708027</td>\n",
       "      <td>-0.099176</td>\n",
       "      <td>-0.769230</td>\n",
       "      <td>0.205246</td>\n",
       "      <td>-0.747881</td>\n",
       "      <td>1.000000</td>\n",
       "      <td>-0.494588</td>\n",
       "      <td>-0.534432</td>\n",
       "      <td>-0.232471</td>\n",
       "      <td>0.291512</td>\n",
       "      <td>-0.496996</td>\n",
       "      <td>0.249929</td>\n",
       "      <td>0.258041</td>\n",
       "      <td>0.248628</td>\n",
       "      <td>0.229763</td>\n",
       "    </tr>\n",
       "    <tr>\n",
       "      <th>RAD</th>\n",
       "      <td>0.625505</td>\n",
       "      <td>-0.311948</td>\n",
       "      <td>0.595129</td>\n",
       "      <td>-0.007368</td>\n",
       "      <td>0.611441</td>\n",
       "      <td>-0.209847</td>\n",
       "      <td>0.456022</td>\n",
       "      <td>-0.494588</td>\n",
       "      <td>1.000000</td>\n",
       "      <td>0.910228</td>\n",
       "      <td>0.464741</td>\n",
       "      <td>-0.444413</td>\n",
       "      <td>0.488676</td>\n",
       "      <td>-0.381626</td>\n",
       "      <td>-0.379890</td>\n",
       "      <td>-0.366821</td>\n",
       "      <td>-0.363073</td>\n",
       "    </tr>\n",
       "    <tr>\n",
       "      <th>TAX</th>\n",
       "      <td>0.582764</td>\n",
       "      <td>-0.314563</td>\n",
       "      <td>0.720760</td>\n",
       "      <td>-0.035587</td>\n",
       "      <td>0.668023</td>\n",
       "      <td>-0.292048</td>\n",
       "      <td>0.506456</td>\n",
       "      <td>-0.534432</td>\n",
       "      <td>0.910228</td>\n",
       "      <td>1.000000</td>\n",
       "      <td>0.460853</td>\n",
       "      <td>-0.441808</td>\n",
       "      <td>0.543993</td>\n",
       "      <td>-0.468536</td>\n",
       "      <td>-0.469513</td>\n",
       "      <td>-0.451395</td>\n",
       "      <td>-0.437257</td>\n",
       "    </tr>\n",
       "    <tr>\n",
       "      <th>PTRATIO</th>\n",
       "      <td>0.289946</td>\n",
       "      <td>-0.391679</td>\n",
       "      <td>0.383248</td>\n",
       "      <td>-0.121515</td>\n",
       "      <td>0.188933</td>\n",
       "      <td>-0.355501</td>\n",
       "      <td>0.261515</td>\n",
       "      <td>-0.232471</td>\n",
       "      <td>0.464741</td>\n",
       "      <td>0.460853</td>\n",
       "      <td>1.000000</td>\n",
       "      <td>-0.177383</td>\n",
       "      <td>0.374044</td>\n",
       "      <td>-0.507787</td>\n",
       "      <td>-0.497887</td>\n",
       "      <td>-0.503437</td>\n",
       "      <td>-0.479435</td>\n",
       "    </tr>\n",
       "    <tr>\n",
       "      <th>B</th>\n",
       "      <td>-0.385064</td>\n",
       "      <td>0.175520</td>\n",
       "      <td>-0.356977</td>\n",
       "      <td>0.048788</td>\n",
       "      <td>-0.380051</td>\n",
       "      <td>0.128069</td>\n",
       "      <td>-0.273534</td>\n",
       "      <td>0.291512</td>\n",
       "      <td>-0.444413</td>\n",
       "      <td>-0.441808</td>\n",
       "      <td>-0.177383</td>\n",
       "      <td>1.000000</td>\n",
       "      <td>-0.366087</td>\n",
       "      <td>0.333461</td>\n",
       "      <td>0.310607</td>\n",
       "      <td>0.309306</td>\n",
       "      <td>0.336019</td>\n",
       "    </tr>\n",
       "    <tr>\n",
       "      <th>LSTAT</th>\n",
       "      <td>0.455621</td>\n",
       "      <td>-0.412995</td>\n",
       "      <td>0.603800</td>\n",
       "      <td>-0.053929</td>\n",
       "      <td>0.590879</td>\n",
       "      <td>-0.613808</td>\n",
       "      <td>0.602339</td>\n",
       "      <td>-0.496996</td>\n",
       "      <td>0.488676</td>\n",
       "      <td>0.543993</td>\n",
       "      <td>0.374044</td>\n",
       "      <td>-0.366087</td>\n",
       "      <td>1.000000</td>\n",
       "      <td>-0.737663</td>\n",
       "      <td>-0.724685</td>\n",
       "      <td>-0.714726</td>\n",
       "      <td>-0.711401</td>\n",
       "    </tr>\n",
       "    <tr>\n",
       "      <th>y</th>\n",
       "      <td>-0.388305</td>\n",
       "      <td>0.360445</td>\n",
       "      <td>-0.483725</td>\n",
       "      <td>0.175260</td>\n",
       "      <td>-0.427321</td>\n",
       "      <td>0.695360</td>\n",
       "      <td>-0.376955</td>\n",
       "      <td>0.249929</td>\n",
       "      <td>-0.381626</td>\n",
       "      <td>-0.468536</td>\n",
       "      <td>-0.507787</td>\n",
       "      <td>0.333461</td>\n",
       "      <td>-0.737663</td>\n",
       "      <td>1.000000</td>\n",
       "      <td>0.982094</td>\n",
       "      <td>0.969955</td>\n",
       "      <td>0.955067</td>\n",
       "    </tr>\n",
       "    <tr>\n",
       "      <th>target_lag1</th>\n",
       "      <td>-0.372758</td>\n",
       "      <td>0.359596</td>\n",
       "      <td>-0.487209</td>\n",
       "      <td>0.171963</td>\n",
       "      <td>-0.435867</td>\n",
       "      <td>0.684050</td>\n",
       "      <td>-0.384271</td>\n",
       "      <td>0.258041</td>\n",
       "      <td>-0.379890</td>\n",
       "      <td>-0.469513</td>\n",
       "      <td>-0.497887</td>\n",
       "      <td>0.310607</td>\n",
       "      <td>-0.724685</td>\n",
       "      <td>0.982094</td>\n",
       "      <td>1.000000</td>\n",
       "      <td>0.953330</td>\n",
       "      <td>0.934705</td>\n",
       "    </tr>\n",
       "    <tr>\n",
       "      <th>target_lag2</th>\n",
       "      <td>-0.395047</td>\n",
       "      <td>0.358440</td>\n",
       "      <td>-0.469602</td>\n",
       "      <td>0.156774</td>\n",
       "      <td>-0.415021</td>\n",
       "      <td>0.675469</td>\n",
       "      <td>-0.383848</td>\n",
       "      <td>0.248628</td>\n",
       "      <td>-0.366821</td>\n",
       "      <td>-0.451395</td>\n",
       "      <td>-0.503437</td>\n",
       "      <td>0.309306</td>\n",
       "      <td>-0.714726</td>\n",
       "      <td>0.969955</td>\n",
       "      <td>0.953330</td>\n",
       "      <td>1.000000</td>\n",
       "      <td>0.922896</td>\n",
       "    </tr>\n",
       "    <tr>\n",
       "      <th>target_lag3</th>\n",
       "      <td>-0.365691</td>\n",
       "      <td>0.323081</td>\n",
       "      <td>-0.446172</td>\n",
       "      <td>0.202720</td>\n",
       "      <td>-0.407288</td>\n",
       "      <td>0.655130</td>\n",
       "      <td>-0.364445</td>\n",
       "      <td>0.229763</td>\n",
       "      <td>-0.363073</td>\n",
       "      <td>-0.437257</td>\n",
       "      <td>-0.479435</td>\n",
       "      <td>0.336019</td>\n",
       "      <td>-0.711401</td>\n",
       "      <td>0.955067</td>\n",
       "      <td>0.934705</td>\n",
       "      <td>0.922896</td>\n",
       "      <td>1.000000</td>\n",
       "    </tr>\n",
       "  </tbody>\n",
       "</table>\n",
       "</div>"
      ],
      "text/plain": [
       "                 CRIM        ZN     INDUS      CHAS       NOX        RM  \\\n",
       "CRIM         1.000000 -0.200469  0.406583 -0.055892  0.420972 -0.219247   \n",
       "ZN          -0.200469  1.000000 -0.533828 -0.042697 -0.516604  0.311991   \n",
       "INDUS        0.406583 -0.533828  1.000000  0.062938  0.763651 -0.391676   \n",
       "CHAS        -0.055892 -0.042697  0.062938  1.000000  0.091203  0.091251   \n",
       "NOX          0.420972 -0.516604  0.763651  0.091203  1.000000 -0.302188   \n",
       "RM          -0.219247  0.311991 -0.391676  0.091251 -0.302188  1.000000   \n",
       "AGE          0.352734 -0.569537  0.644779  0.086518  0.731470 -0.240265   \n",
       "DIS         -0.379670  0.664408 -0.708027 -0.099176 -0.769230  0.205246   \n",
       "RAD          0.625505 -0.311948  0.595129 -0.007368  0.611441 -0.209847   \n",
       "TAX          0.582764 -0.314563  0.720760 -0.035587  0.668023 -0.292048   \n",
       "PTRATIO      0.289946 -0.391679  0.383248 -0.121515  0.188933 -0.355501   \n",
       "B           -0.385064  0.175520 -0.356977  0.048788 -0.380051  0.128069   \n",
       "LSTAT        0.455621 -0.412995  0.603800 -0.053929  0.590879 -0.613808   \n",
       "y           -0.388305  0.360445 -0.483725  0.175260 -0.427321  0.695360   \n",
       "target_lag1 -0.372758  0.359596 -0.487209  0.171963 -0.435867  0.684050   \n",
       "target_lag2 -0.395047  0.358440 -0.469602  0.156774 -0.415021  0.675469   \n",
       "target_lag3 -0.365691  0.323081 -0.446172  0.202720 -0.407288  0.655130   \n",
       "\n",
       "                  AGE       DIS       RAD       TAX   PTRATIO         B  \\\n",
       "CRIM         0.352734 -0.379670  0.625505  0.582764  0.289946 -0.385064   \n",
       "ZN          -0.569537  0.664408 -0.311948 -0.314563 -0.391679  0.175520   \n",
       "INDUS        0.644779 -0.708027  0.595129  0.720760  0.383248 -0.356977   \n",
       "CHAS         0.086518 -0.099176 -0.007368 -0.035587 -0.121515  0.048788   \n",
       "NOX          0.731470 -0.769230  0.611441  0.668023  0.188933 -0.380051   \n",
       "RM          -0.240265  0.205246 -0.209847 -0.292048 -0.355501  0.128069   \n",
       "AGE          1.000000 -0.747881  0.456022  0.506456  0.261515 -0.273534   \n",
       "DIS         -0.747881  1.000000 -0.494588 -0.534432 -0.232471  0.291512   \n",
       "RAD          0.456022 -0.494588  1.000000  0.910228  0.464741 -0.444413   \n",
       "TAX          0.506456 -0.534432  0.910228  1.000000  0.460853 -0.441808   \n",
       "PTRATIO      0.261515 -0.232471  0.464741  0.460853  1.000000 -0.177383   \n",
       "B           -0.273534  0.291512 -0.444413 -0.441808 -0.177383  1.000000   \n",
       "LSTAT        0.602339 -0.496996  0.488676  0.543993  0.374044 -0.366087   \n",
       "y           -0.376955  0.249929 -0.381626 -0.468536 -0.507787  0.333461   \n",
       "target_lag1 -0.384271  0.258041 -0.379890 -0.469513 -0.497887  0.310607   \n",
       "target_lag2 -0.383848  0.248628 -0.366821 -0.451395 -0.503437  0.309306   \n",
       "target_lag3 -0.364445  0.229763 -0.363073 -0.437257 -0.479435  0.336019   \n",
       "\n",
       "                LSTAT         y  target_lag1  target_lag2  target_lag3  \n",
       "CRIM         0.455621 -0.388305    -0.372758    -0.395047    -0.365691  \n",
       "ZN          -0.412995  0.360445     0.359596     0.358440     0.323081  \n",
       "INDUS        0.603800 -0.483725    -0.487209    -0.469602    -0.446172  \n",
       "CHAS        -0.053929  0.175260     0.171963     0.156774     0.202720  \n",
       "NOX          0.590879 -0.427321    -0.435867    -0.415021    -0.407288  \n",
       "RM          -0.613808  0.695360     0.684050     0.675469     0.655130  \n",
       "AGE          0.602339 -0.376955    -0.384271    -0.383848    -0.364445  \n",
       "DIS         -0.496996  0.249929     0.258041     0.248628     0.229763  \n",
       "RAD          0.488676 -0.381626    -0.379890    -0.366821    -0.363073  \n",
       "TAX          0.543993 -0.468536    -0.469513    -0.451395    -0.437257  \n",
       "PTRATIO      0.374044 -0.507787    -0.497887    -0.503437    -0.479435  \n",
       "B           -0.366087  0.333461     0.310607     0.309306     0.336019  \n",
       "LSTAT        1.000000 -0.737663    -0.724685    -0.714726    -0.711401  \n",
       "y           -0.737663  1.000000     0.982094     0.969955     0.955067  \n",
       "target_lag1 -0.724685  0.982094     1.000000     0.953330     0.934705  \n",
       "target_lag2 -0.714726  0.969955     0.953330     1.000000     0.922896  \n",
       "target_lag3 -0.711401  0.955067     0.934705     0.922896     1.000000  "
      ]
     },
     "execution_count": 37,
     "metadata": {},
     "output_type": "execute_result"
    }
   ],
   "source": [
    "df.corr()"
   ]
  },
  {
   "cell_type": "markdown",
   "metadata": {},
   "source": [
    "0.9以上の相関を作れている"
   ]
  },
  {
   "cell_type": "markdown",
   "metadata": {},
   "source": [
    "前処理"
   ]
  },
  {
   "cell_type": "code",
   "execution_count": 38,
   "metadata": {},
   "outputs": [
    {
     "data": {
      "text/html": [
       "<div>\n",
       "<style scoped>\n",
       "    .dataframe tbody tr th:only-of-type {\n",
       "        vertical-align: middle;\n",
       "    }\n",
       "\n",
       "    .dataframe tbody tr th {\n",
       "        vertical-align: top;\n",
       "    }\n",
       "\n",
       "    .dataframe thead th {\n",
       "        text-align: right;\n",
       "    }\n",
       "</style>\n",
       "<table border=\"1\" class=\"dataframe\">\n",
       "  <thead>\n",
       "    <tr style=\"text-align: right;\">\n",
       "      <th></th>\n",
       "      <th>ZN</th>\n",
       "      <th>INDUS</th>\n",
       "      <th>CHAS</th>\n",
       "      <th>NOX</th>\n",
       "      <th>RM</th>\n",
       "      <th>AGE</th>\n",
       "      <th>DIS</th>\n",
       "      <th>RAD</th>\n",
       "      <th>TAX</th>\n",
       "      <th>PTRATIO</th>\n",
       "      <th>B</th>\n",
       "      <th>LSTAT</th>\n",
       "      <th>y</th>\n",
       "      <th>target_lag1</th>\n",
       "      <th>target_lag2</th>\n",
       "      <th>target_lag3</th>\n",
       "    </tr>\n",
       "  </thead>\n",
       "  <tbody>\n",
       "    <tr>\n",
       "      <th>0</th>\n",
       "      <td>0.284548</td>\n",
       "      <td>-1.286636</td>\n",
       "      <td>-0.272329</td>\n",
       "      <td>-0.144075</td>\n",
       "      <td>0.413263</td>\n",
       "      <td>-0.119895</td>\n",
       "      <td>0.140075</td>\n",
       "      <td>-0.981871</td>\n",
       "      <td>-0.665949</td>\n",
       "      <td>-1.457558</td>\n",
       "      <td>0.440616</td>\n",
       "      <td>-1.074499</td>\n",
       "      <td>0.159528</td>\n",
       "      <td>-0.041794</td>\n",
       "      <td>-0.076869</td>\n",
       "      <td>-0.093593</td>\n",
       "    </tr>\n",
       "    <tr>\n",
       "      <th>1</th>\n",
       "      <td>-0.487240</td>\n",
       "      <td>-0.592794</td>\n",
       "      <td>-0.272329</td>\n",
       "      <td>-0.739530</td>\n",
       "      <td>0.194082</td>\n",
       "      <td>0.366803</td>\n",
       "      <td>0.556609</td>\n",
       "      <td>-0.867024</td>\n",
       "      <td>-0.986353</td>\n",
       "      <td>-0.302794</td>\n",
       "      <td>0.440616</td>\n",
       "      <td>-0.491953</td>\n",
       "      <td>-0.101424</td>\n",
       "      <td>0.074554</td>\n",
       "      <td>0.168198</td>\n",
       "      <td>-0.395660</td>\n",
       "    </tr>\n",
       "    <tr>\n",
       "      <th>2</th>\n",
       "      <td>-0.487240</td>\n",
       "      <td>-0.592794</td>\n",
       "      <td>-0.272329</td>\n",
       "      <td>-0.739530</td>\n",
       "      <td>1.281446</td>\n",
       "      <td>-0.265549</td>\n",
       "      <td>0.556609</td>\n",
       "      <td>-0.867024</td>\n",
       "      <td>-0.986353</td>\n",
       "      <td>-0.302794</td>\n",
       "      <td>0.396035</td>\n",
       "      <td>-1.207532</td>\n",
       "      <td>1.322937</td>\n",
       "      <td>1.357167</td>\n",
       "      <td>0.939950</td>\n",
       "      <td>1.351536</td>\n",
       "    </tr>\n",
       "    <tr>\n",
       "      <th>3</th>\n",
       "      <td>-0.487240</td>\n",
       "      <td>-1.305586</td>\n",
       "      <td>-0.272329</td>\n",
       "      <td>-0.834458</td>\n",
       "      <td>1.015298</td>\n",
       "      <td>-0.809088</td>\n",
       "      <td>1.076671</td>\n",
       "      <td>-0.752178</td>\n",
       "      <td>-1.105022</td>\n",
       "      <td>0.112920</td>\n",
       "      <td>0.415751</td>\n",
       "      <td>-1.360171</td>\n",
       "      <td>1.181589</td>\n",
       "      <td>1.224779</td>\n",
       "      <td>1.271315</td>\n",
       "      <td>1.516821</td>\n",
       "    </tr>\n",
       "    <tr>\n",
       "      <th>4</th>\n",
       "      <td>-0.487240</td>\n",
       "      <td>-1.305586</td>\n",
       "      <td>-0.272329</td>\n",
       "      <td>-0.834458</td>\n",
       "      <td>1.227362</td>\n",
       "      <td>-0.510674</td>\n",
       "      <td>1.076671</td>\n",
       "      <td>-0.752178</td>\n",
       "      <td>-1.105022</td>\n",
       "      <td>0.112920</td>\n",
       "      <td>0.440616</td>\n",
       "      <td>-1.025487</td>\n",
       "      <td>1.486032</td>\n",
       "      <td>1.339833</td>\n",
       "      <td>1.434647</td>\n",
       "      <td>1.211513</td>\n",
       "    </tr>\n",
       "  </tbody>\n",
       "</table>\n",
       "</div>"
      ],
      "text/plain": [
       "         ZN     INDUS      CHAS       NOX        RM       AGE       DIS  \\\n",
       "0  0.284548 -1.286636 -0.272329 -0.144075  0.413263 -0.119895  0.140075   \n",
       "1 -0.487240 -0.592794 -0.272329 -0.739530  0.194082  0.366803  0.556609   \n",
       "2 -0.487240 -0.592794 -0.272329 -0.739530  1.281446 -0.265549  0.556609   \n",
       "3 -0.487240 -1.305586 -0.272329 -0.834458  1.015298 -0.809088  1.076671   \n",
       "4 -0.487240 -1.305586 -0.272329 -0.834458  1.227362 -0.510674  1.076671   \n",
       "\n",
       "        RAD       TAX   PTRATIO         B     LSTAT         y  target_lag1  \\\n",
       "0 -0.981871 -0.665949 -1.457558  0.440616 -1.074499  0.159528    -0.041794   \n",
       "1 -0.867024 -0.986353 -0.302794  0.440616 -0.491953 -0.101424     0.074554   \n",
       "2 -0.867024 -0.986353 -0.302794  0.396035 -1.207532  1.322937     1.357167   \n",
       "3 -0.752178 -1.105022  0.112920  0.415751 -1.360171  1.181589     1.224779   \n",
       "4 -0.752178 -1.105022  0.112920  0.440616 -1.025487  1.486032     1.339833   \n",
       "\n",
       "   target_lag2  target_lag3  \n",
       "0    -0.076869    -0.093593  \n",
       "1     0.168198    -0.395660  \n",
       "2     0.939950     1.351536  \n",
       "3     1.271315     1.516821  \n",
       "4     1.434647     1.211513  "
      ]
     },
     "execution_count": 38,
     "metadata": {},
     "output_type": "execute_result"
    }
   ],
   "source": [
    "# 行列の標準化\n",
    "dfs = df.iloc[:, 1:].apply(lambda x: (x-x.mean())/x.std(), axis=0)\n",
    "dfs.head()"
   ]
  },
  {
   "cell_type": "markdown",
   "metadata": {},
   "source": [
    "学習"
   ]
  },
  {
   "cell_type": "code",
   "execution_count": 39,
   "metadata": {},
   "outputs": [],
   "source": [
    "#データセット作成\n",
    "X = dfs.drop(\"y\", axis=1).values\n",
    "y = dfs[\"y\"].values\n",
    "\n",
    "#データセットを分割\n",
    "X_train, X_test, y_train, y_test = train_test_split(X, y, test_size=0.3, random_state=0)"
   ]
  },
  {
   "cell_type": "code",
   "execution_count": 40,
   "metadata": {},
   "outputs": [
    {
     "data": {
      "text/plain": [
       "LinearRegression()"
      ]
     },
     "execution_count": 40,
     "metadata": {},
     "output_type": "execute_result"
    }
   ],
   "source": [
    "#モデル設計\n",
    "model = LinearRegression()\n",
    "\n",
    "#モデル学習\n",
    "model.fit(X_train, y_train)"
   ]
  },
  {
   "cell_type": "code",
   "execution_count": 41,
   "metadata": {},
   "outputs": [
    {
     "name": "stdout",
     "output_type": "stream",
     "text": [
      "学習データ： 0.9832240026173332\n",
      "学習データ： 0.9840582857725751\n"
     ]
    }
   ],
   "source": [
    "#結果の出力\n",
    "print(\"学習データ：\", model.score(X_train,y_train))\n",
    "print(\"学習データ：\", model.score(X_test,y_test))"
   ]
  },
  {
   "cell_type": "code",
   "execution_count": 44,
   "metadata": {},
   "outputs": [
    {
     "name": "stdout",
     "output_type": "stream",
     "text": [
      "         ZN     INDUS      CHAS       NOX        RM       AGE       DIS  \\\n",
      "0  0.011719  0.011328  0.000077 -0.005596  0.021636  0.025027 -0.008005   \n",
      "\n",
      "        RAD       TAX  PTRATIO         B     LSTAT  target_lag1  target_lag2  \\\n",
      "0  0.021732 -0.027783 -0.01826  0.030272 -0.020081     0.497043     0.276295   \n",
      "\n",
      "   target_lag3  \n",
      "0      0.19194  \n"
     ]
    }
   ],
   "source": [
    "# 偏回帰係数\n",
    "df_coef = pd.DataFrame(model.coef_.reshape(1,15),columns=dfs.drop(\"y\", axis=1).columns)\n",
    "print(df_coef)"
   ]
  },
  {
   "cell_type": "markdown",
   "metadata": {},
   "source": [
    "VIFを計算する\n",
    "※参考　https://betashort-lab.com/%E3%83%87%E3%83%BC%E3%82%BF%E3%82%B5%E3%82%A4%E3%82%A8%E3%83%B3%E3%82%B9/%E7%B5%B1%E8%A8%88%E5%AD%A6/python%E3%81%A7vif-variance_inflation_factor/"
   ]
  },
  {
   "cell_type": "code",
   "execution_count": 45,
   "metadata": {},
   "outputs": [],
   "source": [
    "#statsmodelsのvifをインポート\n",
    "from statsmodels.stats.outliers_influence import variance_inflation_factor"
   ]
  },
  {
   "cell_type": "code",
   "execution_count": 46,
   "metadata": {},
   "outputs": [],
   "source": [
    "#vifを計算\n",
    "vif = pd.DataFrame()\n",
    "vif[\"VIF Factor\"] = [variance_inflation_factor(X,i) for i in range(X.shape[1])]\n",
    "vif[\"columns\"] = dfs.drop(\"y\",axis=1).columns"
   ]
  },
  {
   "cell_type": "code",
   "execution_count": 47,
   "metadata": {},
   "outputs": [
    {
     "name": "stdout",
     "output_type": "stream",
     "text": [
      "    VIF Factor      columns\n",
      "0     2.323337           ZN\n",
      "1     3.991567        INDUS\n",
      "2     1.114606         CHAS\n",
      "3     4.575478          NOX\n",
      "4     2.239242           RM\n",
      "5     3.113182          AGE\n",
      "6     4.270304          DIS\n",
      "7     7.164719          RAD\n",
      "8     9.239753          TAX\n",
      "9     1.986067      PTRATIO\n",
      "10    1.376113            B\n",
      "11    3.505582        LSTAT\n",
      "12   15.048121  target_lag1\n",
      "13   12.444138  target_lag2\n",
      "14    9.278493  target_lag3\n"
     ]
    }
   ],
   "source": [
    "#結果を出力\n",
    "print(vif)"
   ]
  },
  {
   "cell_type": "code",
   "execution_count": null,
   "metadata": {},
   "outputs": [],
   "source": [
    "#vifを棒グラフでぷrpっtp\n",
    "plt.bar(x = vif[\"columns\"], height = vif[\"VIF Factor\"])"
   ]
  },
  {
   "cell_type": "markdown",
   "metadata": {},
   "source": [
    "target_lag1,2がvifで一般的に言われている基準である１０を超えている\n",
    "\n",
    "相関を確認した際にはマルチコを警戒するような高い相関(0.9以上)あったtarget_lagの内3のみ10を下回った"
   ]
  },
  {
   "cell_type": "markdown",
   "metadata": {},
   "source": [
    "マルチコ解消に向けて下記の３パターンを実施してみる\n",
    "\n",
    "1.説明変数の削減\n",
    "\n",
    "2.主成分分析\n",
    "\n",
    "3.正規化"
   ]
  },
  {
   "cell_type": "markdown",
   "metadata": {},
   "source": [
    "まずは説明変数の削減から"
   ]
  },
  {
   "cell_type": "code",
   "execution_count": 48,
   "metadata": {},
   "outputs": [],
   "source": [
    "#dfをコピー\n",
    "df1 = df.copy()"
   ]
  },
  {
   "cell_type": "code",
   "execution_count": 49,
   "metadata": {},
   "outputs": [
    {
     "data": {
      "text/plain": [
       "<matplotlib.axes._subplots.AxesSubplot at 0x4049c3b9d0>"
      ]
     },
     "execution_count": 49,
     "metadata": {},
     "output_type": "execute_result"
    },
    {
     "data": {
